# Game Level Exporter v1.0
CAMERA
Camera
<Matrix 4x4 ( 0.3416,  0.1646,  0.9253, 0.0000)
            (-0.9398,  0.0653,  0.3353, 0.0000)
            (-0.0053, -0.9842,  0.1770, 0.0000)
            (-7.9781, 19.0893, -1.0250, 1.0000)>
CAMERA
Camera.002
<Matrix 4x4 ( -0.7261, -0.0606, -0.6849, 0.0000)
            (  0.2132,  0.9272, -0.3081, 0.0000)
            (  0.6537, -0.3697, -0.6604, 0.0000)
            (-23.5981,  5.5297, 12.3634, 1.0000)>
CAMERA
Camera.001
<Matrix 4x4 ( 0.5920, -0.0606,  0.8037, 0.0000)
            (-0.2648,  0.9272,  0.2650, 0.0000)
            (-0.7612, -0.3697,  0.5328, 0.0000)
            ( 3.0463,  5.5297, -7.1877, 1.0000)>
MESH
Tree_3
<Matrix 4x4 ( 1.0000,  0.0017, 0.0000, 0.0000)
            (-0.0017,  1.0000, 0.0000, 0.0000)
            ( 0.0000, -0.0000, 1.0000, 0.0000)
            (-9.2404,  0.0000, 6.2613, 1.0000)>
MESH
BearTrap_Open
<Matrix 4x4 (  1.0000,  0.0000, 0.0000, 0.0000)
            (  0.0000,  1.0000, 0.0000, 0.0000)
            (  0.0000, -0.0000, 1.0000, 0.0000)
            (-10.0452,  0.0000, 2.3573, 1.0000)>
MESH
BrickWall_1
<Matrix 4x4 ( 1.0000,  0.0000,  0.0000, 0.0000)
            ( 0.0000, -1.0000, -0.0000, 0.0000)
            ( 0.0000,  0.0000, -1.0000, 0.0000)
            (-6.6002,  0.2901,  6.6424, 1.0000)>
MESH
Structure_1
<Matrix 4x4 (  0.0195,  0.0000, 0.9998, 0.0000)
            ( -0.0000,  1.0000, 0.0000, 0.0000)
            ( -0.9998, -0.0000, 0.0195, 0.0000)
            (-13.1393,  0.0000, 2.2138, 1.0000)>
MESH
Crate
<Matrix 4x4 ( 1.0000,  0.0000,  0.0000, 0.0000)
            ( 0.0000,  1.0000,  0.0000, 0.0000)
            ( 0.0000, -0.0000,  1.0000, 0.0000)
            (-7.9750,  0.0000, -1.7480, 1.0000)>
MESH
Crate.001
<Matrix 4x4 ( 1.0000,  0.0000,  0.0000, 0.0000)
            ( 0.0000,  1.0000,  0.0000, 0.0000)
            ( 0.0000, -0.0000,  1.0000, 0.0000)
            (-8.0854, -0.0490, -2.5265, 1.0000)>
MESH
Crate.002
<Matrix 4x4 ( 1.0000,  0.0000,  0.0000, 0.0000)
            ( 0.0000,  1.0000,  0.0000, 0.0000)
            ( 0.0000, -0.0000,  1.0000, 0.0000)
            (-8.1010,  0.6824, -2.1049, 1.0000)>
MESH
Health
<Matrix 4x4 (  0.6026,  0.0000, 0.7980, 0.0000)
            ( -0.0000,  1.0000, 0.0000, 0.0000)
            ( -0.7980, -0.0000, 0.6026, 0.0000)
            (-11.8644,  3.8711, 3.2089, 1.0000)>
MESH
Barrier_Large
<Matrix 4x4 (  1.0000,  0.0000,  0.0000, 0.0000)
            (  0.0000,  1.0000,  0.0000, 0.0000)
            (  0.0000, -0.0000,  1.0000, 0.0000)
            (-16.0155,  0.0000, -4.9176, 1.0000)>
MESH
Barrier_Large.001
<Matrix 4x4 (  1.0000,  0.0000,  0.0000, 0.0000)
            (  0.0000,  1.0000,  0.0000, 0.0000)
            (  0.0000, -0.0000,  1.0000, 0.0000)
            (-11.3863, -0.0548, -4.8924, 1.0000)>
MESH
Barrier_Large.002
<Matrix 4x4 ( 1.0000,  0.0000,  0.0000, 0.0000)
            ( 0.0000,  1.0000,  0.0000, 0.0000)
            ( 0.0000, -0.0000,  1.0000, 0.0000)
            (-6.5380, -0.0548, -4.8924, 1.0000)>
MESH
BrickWall_1.001
<Matrix 4x4 ( 1.0000,  0.0000, 0.0000, 0.0000)
            ( 0.0000,  1.0000, 0.0000, 0.0000)
            ( 0.0000, -0.0000, 1.0000, 0.0000)
            (-4.5152,  0.0000, 6.6424, 1.0000)>
MESH
BrickWall_1.002
<Matrix 4x4 ( 1.0000,  0.0000,  0.0000, 0.0000)
            ( 0.0000, -1.0000, -0.0000, 0.0000)
            ( 0.0000,  0.0000, -1.0000, 0.0000)
            (-2.4811,  0.2901,  6.6424, 1.0000)>
MESH
BrickWall_1.003
<Matrix 4x4 ( 1.0000,  0.0000, 0.0000, 0.0000)
            ( 0.0000,  1.0000, 0.0000, 0.0000)
            ( 0.0000, -0.0000, 1.0000, 0.0000)
            (-0.4297,  0.0000, 6.6424, 1.0000)>
MESH
Container_Small
<Matrix 4x4 ( 1.0000,  0.0000, 0.0000, 0.0000)
            ( 0.0000,  1.0000, 0.0000, 0.0000)
            ( 0.0000, -0.0000, 1.0000, 0.0000)
            (-0.7144,  0.0000, 7.8729, 1.0000)>
MESH
GasCan
<Matrix 4x4 ( 0.5048,  0.0000, 0.8632, 0.0000)
            (-0.1892,  0.9757, 0.1106, 0.0000)
            (-0.8423, -0.2191, 0.4925, 0.0000)
            (-9.1670,  0.0125, 6.0281, 1.0000)>
MESH
Landmine
<Matrix 4x4 ( 1.0000,  0.0000,  0.0000, 0.0000)
            ( 0.0000,  1.0000,  0.0000, 0.0000)
            ( 0.0000, -0.0000,  1.0000, 0.0000)
            (-1.0194,  0.0000, -0.2479, 1.0000)>
MESH
Tank.001
<Matrix 4x4 (-0.9999,  0.0000,  0.0105, 0.0000)
            (-0.0000,  1.0000, -0.0000, 0.0000)
            (-0.0105, -0.0000, -0.9999, 0.0000)
            (-1.3261,  0.0000, -5.3554, 1.0000)>
MESH
Tree_3.001
<Matrix 4x4 ( -0.0175,  0.0000, -0.9998, 0.0000)
            (  0.0000,  1.0000, -0.0000, 0.0000)
            (  0.9998, -0.0000, -0.0175, 0.0000)
            (-15.6760,  0.0000, -3.7776, 1.0000)>
MESH
Landmine.001
<Matrix 4x4 ( 1.0000,  0.0000,  0.0000, 0.0000)
            ( 0.0000,  1.0000,  0.0000, 0.0000)
            ( 0.0000, -0.0000,  1.0000, 0.0000)
            (-2.7397,  0.0000, -2.6781, 1.0000)>
MESH
Landmine.002
<Matrix 4x4 (1.0000,  0.0000,  0.0000, 0.0000)
            (0.0000,  1.0000,  0.0000, 0.0000)
            (0.0000, -0.0000,  1.0000, 0.0000)
            (0.5084,  0.0000, -2.6068, 1.0000)>
MESH
Debris_Pile
<Matrix 4x4 ( 1.0000,  0.0000, 0.0000, 0.0000)
            ( 0.0000,  1.0000, 0.0000, 0.0000)
            ( 0.0000, -0.0000, 1.0000, 0.0000)
            (-1.6982,  0.0000, 4.4330, 1.0000)>
MESH
Debris_Pile.001
<Matrix 4x4 (-0.4587,  0.0000, -0.8886, 0.0000)
            ( 0.0000,  1.0000, -0.0000, 0.0000)
            ( 0.8886, -0.0000, -0.4587, 0.0000)
            (-0.4913,  0.0000,  3.8572, 1.0000)>
MESH
Container_Small.001
<Matrix 4x4 (11.9812,  0.0000, 0.0000, 0.0000)
            ( 0.0000,  1.0000, 0.0000, 0.0000)
            ( 0.0000, -0.0000, 7.4709, 0.0000)
            (-7.7562, -2.1273, 1.5477, 1.0000)>

