# Game Level Exporter v1.0
LIGHT
Light
<Matrix 4x4 (-0.2909, -0.0552,  0.9552, 0.0000)
            (-0.7711,  0.6045, -0.1999, 0.0000)
            (-0.5664, -0.7947, -0.2184, 0.0000)
            ( 4.0762,  1.1901,  1.0055, 1.0000)>
CAMERA
Camera
<Matrix 4x4 ( 0.5920, -0.0606,  0.8037, 0.0000)
            (-0.2648,  0.9272,  0.2650, 0.0000)
            (-0.7612, -0.3697,  0.5328, 0.0000)
            ( 3.0463,  6.7983, -5.3093, 1.0000)>
MESH
BearTrap_Open
<Matrix 4x4 ( 1.0000,  0.0000,   0.0000, 0.0000)
            ( 0.0000,  1.0000,   0.0000, 0.0000)
            ( 0.0000, -0.0000,   1.0000, 0.0000)
            (-8.3363,  0.0000, -14.3350, 1.0000)>
MESH
Crate.002
<Matrix 4x4 ( 1.0000,  0.0000, 0.0000, 0.0000)
            ( 0.0000,  1.0000, 0.0000, 0.0000)
            ( 0.0000, -0.0000, 1.0000, 0.0000)
            (-5.4749,  2.1446, 1.0279, 1.0000)>
MESH
Health
<Matrix 4x4 ( 0.6026,  0.0000, 0.7980, 0.0000)
            (-0.0000,  1.0000, 0.0000, 0.0000)
            (-0.7980, -0.0000, 0.6026, 0.0000)
            (-5.4704,  3.0438, 1.0121, 1.0000)>
MESH
Barrier_Large.002
<Matrix 4x4 ( 1.0000,  0.0000,  0.0000, 0.0000)
            ( 0.0000,  1.0000,  0.0000, 0.0000)
            ( 0.0000, -0.0000,  1.0000, 0.0000)
            (-5.9050, -0.0548, -4.6460, 1.0000)>
MESH
Container_Small
<Matrix 4x4 ( 1.0000,  0.0000, 0.0000, 0.0000)
            ( 0.0000,  1.0000, 0.0000, 0.0000)
            ( 0.0000, -0.0000, 1.0000, 0.0000)
            (-5.4210,  0.0000, 1.0754, 1.0000)>
MESH
GasCan
<Matrix 4x4 ( 0.5048,  0.0000,   0.8632, 0.0000)
            (-0.1892,  0.9757,   0.1106, 0.0000)
            (-0.8423, -0.2191,   0.4925, 0.0000)
            (-9.1670,  0.0125, -15.2219, 1.0000)>
MESH
Landmine
<Matrix 4x4 ( 1.0000,  0.0000, 0.0000, 0.0000)
            ( 0.0000,  1.0000, 0.0000, 0.0000)
            ( 0.0000, -0.0000, 1.0000, 0.0000)
            (-3.3702,  2.1182, 1.2185, 1.0000)>
MESH
Tank.001
<Matrix 4x4 (-0.9999,  0.0000,  0.0105, 0.0000)
            (-0.0000,  1.0000, -0.0000, 0.0000)
            (-0.0105, -0.0000, -0.9999, 0.0000)
            (-5.4408,  1.9638, -3.0847, 1.0000)>
MESH
Tree_3.001
<Matrix 4x4 ( -0.0175,  0.0000, -0.9998, 0.0000)
            (  0.0000,  1.0000, -0.0000, 0.0000)
            (  0.9998, -0.0000, -0.0175, 0.0000)
            (-12.4424, -1.8621, -1.2404, 1.0000)>
MESH
Debris_Pile
<Matrix 4x4 ( 1.0000,  0.0000, 0.0000, 0.0000)
            ( 0.0000,  1.0000, 0.0000, 0.0000)
            ( 0.0000, -0.0000, 1.0000, 0.0000)
            (-5.5106,  2.1137, 1.1078, 1.0000)>
MESH
Container_Small.001
<Matrix 4x4 ( 1.0000,  0.0000, 0.0000, 0.0000)
            ( 0.0000,  1.0000, 0.0000, 0.0000)
            ( 0.0000, -0.0000, 1.0000, 0.0000)
            (-5.4210,  0.0000, 3.1486, 1.0000)>
MESH
Container_Small.002
<Matrix 4x4 ( 1.0000,  0.0000, 0.0000, 0.0000)
            ( 0.0000,  1.0000, 0.0000, 0.0000)
            ( 0.0000, -0.0000, 1.0000, 0.0000)
            (-5.4210,  0.0000, 5.1309, 1.0000)>
MESH
Container_Small.003
<Matrix 4x4 ( 1.0000,  0.0000,  0.0000, 0.0000)
            ( 0.0000,  1.0000,  0.0000, 0.0000)
            ( 0.0000, -0.0000,  1.0000, 0.0000)
            (-5.4210,  0.0000, -0.9485, 1.0000)>
MESH
Container_Small.004
<Matrix 4x4 ( 1.0000,  0.0000,  0.0000, 0.0000)
            ( 0.0000,  1.0000,  0.0000, 0.0000)
            ( 0.0000, -0.0000,  1.0000, 0.0000)
            (-5.4210,  0.0000, -2.9307, 1.0000)>
MESH
Container_Small.005
<Matrix 4x4 ( 0.0006,  0.0000, 1.0000, 0.0000)
            (-0.0000,  1.0000, 0.0000, 0.0000)
            (-1.0000, -0.0000, 0.0006, 0.0000)
            (-1.3902,  0.0000, 1.0976, 1.0000)>
MESH
Container_Small.006
<Matrix 4x4 ( 0.0006,  0.0000, 1.0000, 0.0000)
            (-0.0000,  1.0000, 0.0000, 0.0000)
            (-1.0000, -0.0000, 0.0006, 0.0000)
            (-3.3725,  0.0000, 1.0988, 1.0000)>
MESH
Container_Small.007
<Matrix 4x4 ( 0.0006,  0.0000, 1.0000, 0.0000)
            (-0.0000,  1.0000, 0.0000, 0.0000)
            (-1.0000, -0.0000, 0.0006, 0.0000)
            (-9.4518,  0.0000, 1.1025, 1.0000)>
MESH
Container_Small.008
<Matrix 4x4 ( 0.0006,  0.0000, 1.0000, 0.0000)
            (-0.0000,  1.0000, 0.0000, 0.0000)
            (-1.0000, -0.0000, 0.0006, 0.0000)
            (-7.4696,  0.0000, 1.1013, 1.0000)>
MESH
Tree_3.002
<Matrix 4x4 ( -0.0175,  0.0000, -0.9998, 0.0000)
            (  0.0000,  1.0000, -0.0000, 0.0000)
            (  0.9998, -0.0000, -0.0175, 0.0000)
            (-12.7797, -1.8621,  6.4998, 1.0000)>
MESH
Landmine.001
<Matrix 4x4 ( 1.0000,  0.0000, 0.0000, 0.0000)
            ( 0.0000,  1.0000, 0.0000, 0.0000)
            ( 0.0000, -0.0000, 1.0000, 0.0000)
            (-7.4887,  2.1182, 1.2185, 1.0000)>
MESH
Landmine.002
<Matrix 4x4 ( 1.0000,  0.0000, 0.0000, 0.0000)
            ( 0.0000,  1.0000, 0.0000, 0.0000)
            ( 0.0000, -0.0000, 1.0000, 0.0000)
            (-5.3628,  2.1182, 3.2530, 1.0000)>
MESH
Landmine.003
<Matrix 4x4 ( 1.0000,  0.0000,  0.0000, 0.0000)
            ( 0.0000,  1.0000,  0.0000, 0.0000)
            ( 0.0000, -0.0000,  1.0000, 0.0000)
            (-5.3628,  2.1182, -0.6712, 1.0000)>
MESH
Tank.002
<Matrix 4x4 ( 0.9999,  0.0000, -0.0161, 0.0000)
            ( 0.0000,  1.0000,  0.0000, 0.0000)
            ( 0.0161, -0.0000,  0.9999, 0.0000)
            (-5.4408,  1.9638,  5.2871, 1.0000)>
MESH
Tank.003
<Matrix 4x4 (-0.0053,  0.0000,  1.0000, 0.0000)
            (-0.0000,  1.0000, -0.0000, 0.0000)
            (-1.0000, -0.0000, -0.0053, 0.0000)
            (-9.6257,  1.9638,  1.0114, 1.0000)>
MESH
Tank.004
<Matrix 4x4 ( 0.0109,  0.0000, -0.9999, 0.0000)
            ( 0.0000,  1.0000,  0.0000, 0.0000)
            ( 0.9999, -0.0000,  0.0109, 0.0000)
            (-1.2559,  1.9638,  1.1910, 1.0000)>
MESH
Barrier_Large.001
<Matrix 4x4 (-0.9983,  0.0000,  0.0587, 0.0000)
            (-0.0000,  1.0000, -0.0000, 0.0000)
            (-0.0587, -0.0000, -0.9983, 0.0000)
            (-5.9050, -0.0548,  8.2008, 1.0000)>
MESH
Barrier_Large.003
<Matrix 4x4 (-0.0424,  0.0000,  0.9991, 0.0000)
            (-0.0000,  1.0000, -0.0000, 0.0000)
            (-0.9991, -0.0000, -0.0424, 0.0000)
            ( 0.5127, -0.0548,  2.0497, 1.0000)>
MESH
Barrier_Large.004
<Matrix 4x4 ( -0.0163,  0.0000, -0.9999, 0.0000)
            (  0.0000,  1.0000, -0.0000, 0.0000)
            (  0.9999, -0.0000, -0.0163, 0.0000)
            (-12.3226, -0.0548,  1.5051, 1.0000)>
MESH
Tree_3.003
<Matrix 4x4 (-0.0175,  0.0000, -0.9998, 0.0000)
            ( 0.0000,  1.0000, -0.0000, 0.0000)
            ( 0.9998, -0.0000, -0.0175, 0.0000)
            (-3.6003, -1.8621,  6.4998, 1.0000)>
MESH
Tree_3.004
<Matrix 4x4 (-0.0175,  0.0000, -0.9998, 0.0000)
            ( 0.0000,  1.0000, -0.0000, 0.0000)
            ( 0.9998, -0.0000, -0.0175, 0.0000)
            (-3.2631, -1.8621, -1.2404, 1.0000)>
CAMERA
Camera.001
<Matrix 4x4 (-0.9993,  0.0003, -0.0379, 0.0000)
            ( 0.0379,  0.0651, -0.9972, 0.0000)
            ( 0.0022, -0.9979, -0.0651, 0.0000)
            (-6.0292, 15.6178,  0.4092, 1.0000)>
CAMERA
Camera.002
<Matrix 4x4 ( -0.1537, -0.0606, -0.9863, 0.0000)
            (  0.3573,  0.9272, -0.1126, 0.0000)
            (  0.9213, -0.3697, -0.1208, 0.0000)
            (-19.0058,  6.7983,  5.6387, 1.0000)>
